/**:
  ros__parameters:
    model: Pinhole
    width: 752
    height: 480
    scale: 1.0
    fx: 4.250258563372763e+02
    fy: 4.267976260903337e+02
    cx: 3.860151866550880e+02
    cy: 2.419130336743440e+02
    d0: -0.288105327549552
    d1: 0.074578284234601
    d2: 7.784489598138802e-04
    d3: -2.277853975035461e-04